%YAML:1.0
---
intrinsicMatrix: !!opencv-matrix
   rows: 3
   cols: 3
   dt: d
   data: [ 1.1748279576736170e+03, 0., 0., 0., 1.1785584903536540e+03,
       0., 9.6902746101429875e+02, 5.7518934267217389e+02, 1. ]
distortionCoefficients: !!opencv-matrix
   rows: 1
   cols: 5
   dt: d
   data: [ -2.9288352066475759e-01, 2.6721050978223859e-01, 0., 0., 0. ]
R: !!opencv-matrix
   rows: 3
   cols: 3
   dt: d
   data: [ 2.5805412199766620e-01, -3.3448336448254623e-03,
       -9.6612467218672249e-01, -9.5757978257168475e-01,
       -1.3363465666341923e-01, -2.5530910392779793e-01,
       -1.2825377238108321e-01, 9.9102502018180072e-01,
       -3.7687919068088549e-02 ]
T: !!opencv-matrix
   rows: 3
   cols: 1
   dt: d
   data: [ 6.7968552458392523e+01, -5.2002471412152852e+02,
       4.0844568722750364e+02 ]
