%YAML:1.0
---
intrinsicMatrix: !!opencv-matrix
   rows: 3
   cols: 3
   dt: d
   data: [ 1.1893850273335934e+03, 0., 0., 0., 1.1906284337974773e+03,
       0., 9.5242421402821742e+02, 5.5538838145722093e+02, 1. ]
distortionCoefficients: !!opencv-matrix
   rows: 1
   cols: 5
   dt: d
   data: [ -2.6326357465068151e-01, 1.6488630498224613e-01, 0., 0., 0. ]
R: !!opencv-matrix
   rows: 3
   cols: 3
   dt: d
   data: [ -9.6961149393740675e-01, -2.3726078316995272e-01,
       -5.9673039088440183e-02, 2.8414146487996922e-02,
       -3.5147287767041546e-01, 9.3576677251408946e-01,
       -2.4299421207886512e-01, 9.0563465980032909e-01,
       3.4753370464533917e-01 ]
T: !!opencv-matrix
   rows: 3
   cols: 1
   dt: d
   data: [ 6.8076164353989284e+01, -4.7214639013439529e+02,
       2.8461247746360539e+02 ]
