%YAML:1.0
---
intrinsicMatrix: !!opencv-matrix
   rows: 3
   cols: 3
   dt: d
   data: [ 1.2118737648306674e+03, 0., 0., 0., 1.2093693452997495e+03,
       0., 9.0197615025038010e+02, 5.6261122095259316e+02, 1. ]
distortionCoefficients: !!opencv-matrix
   rows: 1
   cols: 5
   dt: d
   data: [ -4.6653197001763819e-02, -4.3499558851400832e-01, 0., 0., 0. ]
R: !!opencv-matrix
   rows: 3
   cols: 3
   dt: d
   data: [ -1.7750475378266328e-01, 8.7454602101549883e-01,
       4.5128851027974815e-01, 9.8139919659752761e-01,
       1.9138030799120387e-01, 1.5139175371171404e-02,
       -7.3127828507915910e-02, 4.4558145701897234e-01,
       -8.9224967686100398e-01 ]
T: !!opencv-matrix
   rows: 3
   cols: 1
   dt: d
   data: [ -1.4841890556238733e+01, -1.6655147172341165e+02,
       1.0578383814269519e+03 ]
