%YAML:1.0
---
intrinsicMatrix: !!opencv-matrix
   rows: 3
   cols: 3
   dt: d
   data: [ 1.1868742684282552e+03, 0., 0., 0., 1.1924208124978591e+03,
       0., 9.3312092568348817e+02, 5.7370807583487260e+02, 1. ]
distortionCoefficients: !!opencv-matrix
   rows: 1
   cols: 5
   dt: d
   data: [ -2.5710831388167105e-01, 1.6129148171818317e-01, 0., 0., 0. ]
R: !!opencv-matrix
   rows: 3
   cols: 3
   dt: d
   data: [ 9.5097597312191584e-01, -2.7648510490641331e-01,
       -1.3856653748187109e-01, -3.1448303822963125e-02,
       3.5927645202780445e-01, -9.3270114999659526e-01,
       3.0766166925940541e-01, 8.9133406632036805e-01,
       3.3296828600530992e-01 ]
T: !!opencv-matrix
   rows: 3
   cols: 1
   dt: d
   data: [ -1.0322839587720374e+02, -4.9960098649169259e+02,
       2.8285229156046245e+02 ]
