%YAML:1.0
---
intrinsicMatrix: !!opencv-matrix
   rows: 3
   cols: 3
   dt: d
   data: [ 1.2013163377247990e+03, 0., 0., 0., 1.2017530444297795e+03,
       0., 9.4917529887036403e+02, 5.4679729156378903e+02, 1. ]
distortionCoefficients: !!opencv-matrix
   rows: 1
   cols: 5
   dt: d
   data: [ -2.4362672068615346e-01, 8.1519669211043144e-02, 0., 0., 0. ]
R: !!opencv-matrix
   rows: 3
   cols: 3
   dt: d
   data: [ -1.3859555071950203e-01, -4.4748758446844134e-01,
       8.8348522062757651e-01, 9.9013205166086204e-01,
       -4.3935788761240824e-02, 1.3307203590454109e-01,
       -2.0731463880049428e-02, 8.9321022621358692e-01,
       4.4916110494216099e-01 ]
T: !!opencv-matrix
   rows: 3
   cols: 1
   dt: d
   data: [ 1.5278811287912259e+01, -4.4455970961509325e+02,
       3.0586688300761716e+02 ]
