%YAML:1.0
---
intrinsicMatrix: !!opencv-matrix
   rows: 3
   cols: 3
   dt: d
   data: [ 1.1834543013667574e+03, 0., 0., 0., 1.1903778697943715e+03,
       0., 9.7650348977312876e+02, 5.3127154124318224e+02, 1. ]
distortionCoefficients: !!opencv-matrix
   rows: 1
   cols: 5
   dt: d
   data: [ -2.0450210770808228e-01, -8.2986904226153790e-02, 0., 0., 0. ]
R: !!opencv-matrix
   rows: 3
   cols: 3
   dt: d
   data: [ 9.9211591971391377e-01, -1.8703661803210932e-02,
       -1.2392003423726976e-01, 7.6453094574543135e-03,
       9.9599162306193501e-01, -8.9119223704833286e-02,
       1.2509017185020876e-01, 8.7469193580388446e-02,
       9.8828214042391860e-01 ]
T: !!opencv-matrix
   rows: 3
   cols: 1
   dt: d
   data: [ -7.3222007773196927e+00, -5.5446853271009280e+00,
       1.1548357327611596e+00 ]
